4294967294,0
4294967279,17
4294967279,16
4294967279,278
4294967279,266
4294967279,15
4294967279,172
4294967279,170
4294967279,530
4294967278,275
4294967278,272
4294967279,167
4294967279,164
4294967279,12
4294967279,11
4294967279,10
4294967279,366
4294967279,276
4294967279,159
4294967279,292
4294967279,145
4294967279,274
4294967279,0
4294967279,141
4294967279,134
4294967278,271
4294967279,271
4294967279,279
4294967294,437
4294967294,472
4294967294,973
4294967294,52
4294967294,5
4294967279,258
4294967294,7
4294967294,22
4294967294,99
4294967294,471
4294967294,946
4294967294,970
4294967278,132
4294967278,131
4294967278,130
4294967278,129
4294967278,128
4294967278,127
4294967278,126
4294967278,124
4294967278,123
4294967278,122
4294967278,121
4294967278,425
4294967278,120
4294967278,119
4294967278,118
4294967278,445
4294967278,117
4294967278,116
4294967278,434
4294967278,115
4294967278,114
4294967278,113
4294967278,112
4294967278,111
4294967278,110
4294967278,109
4294967278,108
4294967278,107
4294967278,444
4294967278,106
4294967278,105
4294967278,409
4294967278,104
4294967278,429
4294967278,103
4294967278,102
4294967278,101
4294967278,100
4294967278,99
4294967278,98
4294967278,97
4294967278,96
4294967278,95
4294967278,94
4294967278,397
4294967278,93
4294967278,92
4294967278,91
4294967278,90
4294967278,89
4294967278,87
4294967278,86
4294967278,408
4294967278,85
4294967278,84
4294967278,83
4294967278,82
4294967278,81
4294967278,80
4294967278,79
4294967278,414
4294967278,78
4294967278,77
4294967278,76
4294967278,75
4294967278,74
4294967278,73
4294967278,72
4294967278,399
4294967278,71
4294967278,70
4294967278,443
4294967278,69
4294967278,402
4294967278,68
4294967278,412
4294967278,67
4294967278,66
4294967278,65
4294967278,64
4294967278,63
4294967278,62
4294967278,2
4294967278,347
4294967278,0
4294967278,260
4294967279,349
4294967279,86
4294967279,85
4294967279,84
4294967279,323
4294967279,81
4294967279,75
4294967279,73
4294967279,69
4294967279,352
4294967279,67
4294967279,65
4294967279,62
4294967279,59
4294967279,348
4294967279,341
4294967279,54
4294967279,51
4294967279,328
4294967279,46
4294967279,351
4294967279,43
4294967279,564
4294967279,41
4294967279,360
4294967279,39
4294967279,37
4294967279,337
4294967279,34
4294967279,538
4294967279,33
4294967279,359
4294967279,365
4294967279,28
4294967279,27
4294967279,338
4294967279,25
4294967279,24
4294967279,370
4294967279,22
4294967279,335
4294967279,19
4294967279,380
4294967279,322
4294967279,14
4294967279,13
4294967279,321
4294967279,379
4294967279,356
4294967279,9
4294967279,7
4294967279,6
4294967279,5
4294967279,4
4294967279,8
4294967279,541
4294967279,256
0,5
4294967279,255
4294967279,254
4294967279,253
4294967278,258
4294967278,257
4294967278,330
4294967278,371
4294967278,370
4294967278,329
4294967278,326
4294967278,125
4294967278,435
17,2
4294967278,254
4294967294,6
4294967294,17
4294967294,67
4294967294,76
4294967294,41
4294967294,417
4294967294,51
4294967294,470
4294967294,25
4294967294,26
4294967294,82
4294967294,1414
4294967294,83
406,4
406,3
406,2
406,1
4294967278,263
405,5
405,4
405,3
405,2
405,1
4294967279,273
4294967279,269
403,5
403,4
403,3
403,2
403,1
4294967278,259
402,5
402,4
402,3
402,2
402,1
401,4
401,3
401,2
401,1
400,4
400,3
400,2
400,1
399,4
399,3
399,2
399,1
4294967294,1416
398,4
398,3
398,2
398,1
397,4
397,3
397,2
397,1
396,4
396,3
396,2
396,1
395,6
395,5
395,4
395,3
395,2
395,1
394,5
394,4
394,3
394,2
394,1
393,5
393,4
393,3
393,2
393,1
392,5
392,4
392,3
392,2
392,1
4294967279,259
4294967278,447
4294967279,383
4294967279,381
4294967279,361
4294967293,131
4294967293,130
4294967293,129
4294967293,128
4294967293,127
4294967293,126
4294967293,125
4294967293,124
4294967293,123
4294967293,122
4294967293,121
4294967293,120
4294967293,119
4294967293,118
4294967293,117
4294967293,116
4294967293,115
4294967293,114
4294967293,113
4294967293,112
4294967293,111
4294967293,110
4294967293,109
4294967293,108
4294967293,107
4294967293,106
4294967293,105
4294967293,104
4294967293,103
4294967293,102
4294967293,101
4294967293,100
4294967293,99
4294967293,98
4294967293,97
4294967293,96
4294967293,95
4294967293,94
4294967293,93
4294967293,92
4294967293,91
4294967293,90
4294967293,89
4294967293,88
4294967293,87
4294967293,86
